data/tq1080_DSM_2m.asc
ncols        500
nrows        500
xllcorner    510000
yllcorner    180000
cellsize     2
NODATA_value  -9999
[rows 0 to 31 of 500, columns 426 to 496 of 500]
32.680 32.917 32.945 34.545 35.515 32.362 32.110 32.073 32.800 32.020 31.943 31.975 32.037 32.105 32.100 32.105 32.138 32.170 32.210 32.235 32.335 32.533 32.690 32.697 32.713 32.690 32.673 32.643 32.575 32.487 32.465 32.465 32.432 32.382 32.375 32.347 32.345 32.308 32.323 32.338 32.312 32.412 32.443 32.728 34.475 36.590 36.690 37.655 38.270 37.562 36.092 36.257 34.162 33.803 32.390 32.420 32.802 32.478 32.478 32.442 32.435 32.390 32.333 32.252 32.197 32.160 32.150 32.925 32.312 32.305 32.300
32.040 32.503 32.740 33.675 34.283 32.778 34.680 32.647 32.062 32.083 31.995 31.932 31.975 32.002 32.058 32.070 32.090 32.128 32.170 32.182 32.228 32.283 32.482 32.580 32.590 32.620 32.693 32.695 32.673 32.645 32.570 32.493 32.493 32.450 32.423 32.405 32.403 32.370 32.385 32.365 32.330 32.315 32.400 32.438 32.743 33.897 34.872 36.360 34.873 35.610 36.620 36.925 36.780 36.870 35.292 34.685 35.375 34.062 32.445 32.458 32.475 32.505 32.465 32.400 32.312 32.268 32.233 32.247 32.327 32.408 32.478
31.517 31.685 32.090 32.595 32.810 33.442 36.255 32.965 32.285 32.110 32.070 32.360 32.090 31.943 31.987 32.022 32.045 32.085 32.118 32.145 32.167 32.188 32.275 32.427 32.470 32.520 32.592 32.662 32.717 32.738 32.692 32.615 32.542 32.520 32.465 32.460 32.440 32.452 32.432 32.400 32.382 32.365 32.368 32.405 32.448 32.695 32.717 32.923 33.503 37.350 38.105 38.235 36.440 36.485 36.140 35.865 35.388 35.960 32.603 32.542 32.480 32.505 32.483 32.475 32.423 32.375 32.325 32.292 32.325 32.458 32.615
31.500 31.568 31.565 31.712 32.237 32.635 33.430 33.177 34.507 32.450 32.160 32.945 32.048 31.943 31.923 31.995 32.020 32.045 32.045 32.115 32.147 32.162 32.165 32.230 32.368 32.447 32.533 32.612 32.895 33.048 32.800 32.732 32.673 32.618 32.518 32.490 32.467 32.440 32.447 32.427 32.410 32.405 32.400 32.392 32.403 33.280 32.535 32.603 32.708 36.460 36.135 35.013 36.625 37.193 37.510 34.705 35.200 36.220 35.765 34.132 32.642 32.853 32.525 32.490 32.455 32.463 32.403 32.327 32.350 32.478 32.705
31.470 31.515 31.522 31.535 31.618 31.927 32.500 32.838 35.850 34.752 32.445 32.143 32.097 32.037 31.977 31.915 31.950 31.992 32.018 32.090 32.103 32.105 32.123 32.167 32.210 32.350 32.445 32.518 33.055 33.170 33.365 33.513 32.763 32.750 32.685 32.535 32.522 32.487 32.465 32.460 32.460 32.445 32.440 32.440 32.423 32.380 32.458 32.545 32.600 32.677 34.630 35.890 36.292 35.985 37.400 36.975 35.945 35.998 33.978 34.715 35.435 36.792 34.785 33.912 33.110 32.455 32.448 32.410 32.392 32.458 32.693
32.278 31.580 31.493 31.458 31.535 31.593 31.733 32.090 32.603 32.855 33.357 34.105 32.222 32.088 32.055 31.967 31.927 31.920 31.948 32.015 32.052 32.085 32.115 32.145 32.170 32.208 32.355 32.425 32.588 33.118 33.693 36.603 33.750 32.838 32.785 32.720 32.612 32.525 32.470 32.482 32.507 32.485 32.467 32.465 32.430 32.415 32.415 32.427 32.528 32.557 32.770 33.445 33.695 35.225 36.890 37.728 37.965 37.337 36.085 34.875 34.170 35.655 36.510 36.295 35.292 33.195 32.490 32.482 32.450 32.487 32.653
32.040 32.802 32.100 31.445 31.520 31.503 31.570 31.635 31.778 32.475 33.342 34.342 32.688 32.257 32.105 32.065 32.007 31.900 31.940 31.983 32.022 32.028 32.062 32.097 32.088 32.127 32.180 32.310 32.408 32.555 33.118 34.955 34.732 33.318 33.123 32.808 32.748 32.650 32.542 32.537 32.530 32.510 32.515 32.458 32.502 32.467 32.440 32.425 32.423 32.490 32.537 32.537 33.018 33.202 35.120 35.847 37.248 35.830 34.660 36.513 36.778 36.485 35.998 35.493 36.575 36.235 33.300 32.862 32.510 32.485 32.603
31.645 32.560 32.960 31.550 31.468 31.452 31.540 31.555 31.562 31.673 32.235 32.750 33.112 37.193 32.978 32.118 32.077 32.015 31.930 31.908 31.950 32.002 32.022 32.020 32.100 32.097 32.127 32.200 32.312 32.403 32.548 33.132 33.862 35.830 33.928 33.135 32.865 32.798 32.717 32.635 32.603 32.580 32.573 32.555 32.542 32.528 32.495 32.458 32.458 32.438 32.475 32.510 32.542 32.658 33.570 36.587 37.120 38.997 37.110 36.950 38.890 36.870 36.380 34.467 35.735 35.760 35.180 34.153 32.882 32.550 32.583
31.647 32.507 34.993 33.077 31.860 31.517 31.528 31.555 31.570 31.595 31.615 31.958 33.195 36.290 33.338 32.530 32.213 32.090 32.015 31.943 31.880 31.915 31.987 32.030 32.053 32.060 32.112 32.130 32.155 32.250 32.400 32.570 33.160 33.607 34.620 34.680 33.285 32.970 32.847 32.778 32.680 32.650 32.597 32.590 32.600 32.558 32.562 32.507 32.507 32.440 32.445 32.435 32.495 32.555 33.735 35.432 36.368 37.695 37.130 39.070 38.780 38.535 39.432 38.903 35.688 36.450 36.222 34.908 34.667 33.570 32.585
31.565 31.827 36.283 35.323 33.750 32.840 31.645 31.540 31.530 31.562 31.580 31.583 31.767 32.417 32.857 36.075 36.013 32.202 32.100 32.073 31.970 31.903 31.950 31.993 32.035 32.017 32.060 32.095 32.145 32.167 32.305 32.417 32.560 33.085 34.517 34.487 33.433 33.890 33.230 32.893 32.805 32.725 32.655 32.655 32.610 32.588 32.573 32.562 32.513 32.513 32.518 32.478 32.487 32.520 32.548 32.705 35.360 35.842 34.823 36.860 37.732 37.818 38.778 38.515 37.778 37.007 37.167 36.713 36.345 35.607 33.028
31.495 31.540 31.920 32.123 35.908 35.265 33.463 32.605 31.608 31.533 31.573 31.590 31.613 31.660 32.290 34.743 34.323 32.795 32.478 32.120 32.050 31.972 31.945 31.965 31.985 32.025 32.053 32.070 32.123 32.147 32.197 32.318 32.380 32.592 33.037 33.443 33.365 34.020 34.985 33.698 32.952 32.870 32.778 32.710 32.638 32.647 32.643 32.600 32.600 32.590 32.550 32.480 32.513 32.480 32.478 32.562 32.708 37.107 35.318 36.143 37.042 36.097 37.060 36.382 37.045 37.815 37.713 38.827 36.025 35.868 33.432
31.490 31.515 31.573 31.650 32.248 32.292 33.252 35.963 33.380 32.575 31.530 31.552 31.565 31.587 31.642 31.945 32.588 33.435 36.245 32.405 32.175 32.085 32.062 31.977 31.965 32.018 32.033 32.052 32.090 32.090 32.143 32.213 32.318 32.403 32.610 33.070 33.440 35.787 34.743 34.193 33.410 33.073 32.882 32.855 32.735 32.693 32.693 32.660 32.647 32.607 32.528 32.535 32.535 32.513 32.502 32.495 32.548 32.790 33.123 33.838 34.680 37.128 36.193 35.412 36.017 38.595 38.507 38.028 36.667 36.417 33.040
31.513 31.552 31.608 31.623 31.593 31.565 31.733 33.035 35.653 38.725 33.728 31.733 31.538 31.573 31.573 31.618 31.790 32.690 33.900 32.717 32.340 32.170 32.115 32.107 32.035 31.987 31.985 32.022 32.045 32.073 32.100 32.167 32.220 32.327 32.445 32.632 33.230 33.673 33.365 35.548 35.173 34.743 33.177 32.950 32.878 32.775 32.705 32.682 32.702 32.645 32.605 32.620 32.580 32.583 32.560 32.500 32.495 32.605 32.658 32.763 34.447 37.283 35.143 35.103 34.840 37.265 37.842 38.317 37.875 34.327 33.055
31.493 31.565 31.625 31.610 31.565 31.542 31.485 31.495 32.278 35.410 34.173 33.737 32.705 31.540 31.565 31.603 31.625 31.727 32.355 32.597 32.287 32.182 32.160 32.135 32.115 32.080 31.990 31.972 32.017 32.042 32.112 32.143 32.158 32.228 32.382 32.475 32.827 33.472 33.335 34.692 35.607 33.912 33.643 33.842 32.993 32.910 32.840 32.768 32.722 32.680 32.660 32.662 32.667 32.640 32.615 32.545 32.562 32.535 32.580 32.658 32.948 34.987 36.903 35.150 37.908 36.452 37.217 37.877 36.778 33.675 32.955
31.865 31.588 31.593 31.573 31.540 31.520 31.472 31.443 31.445 31.497 31.628 33.017 33.553 32.927 31.577 31.560 31.600 31.615 31.715 32.167 32.177 32.228 32.472 32.345 32.138 32.125 32.103 32.018 32.022 32.005 32.073 32.112 32.120 32.192 32.248 32.380 32.458 32.805 33.513 33.915 33.715 33.847 34.338 34.925 33.715 33.130 32.972 32.893 32.790 32.757 32.743 32.732 32.690 32.708 32.655 32.612 32.603 32.580 32.557 32.583 32.670 32.923 33.300 33.787 35.248 35.090 36.198 35.790 34.978 33.677 32.900
32.478 31.622 31.573 31.530 31.523 31.485 31.467 31.432 31.435 31.435 31.493 31.573 32.110 32.812 33.037 31.740 31.550 31.583 31.587 31.722 32.083 32.140 32.450 32.950 32.533 32.210 32.165 32.130 32.025 32.002 32.020 32.055 32.115 32.177 32.192 32.280 32.385 32.485 33.070 33.825 33.305 35.732 36.405 35.770 34.015 34.285 33.278 32.985 32.938 32.860 32.805 32.802 32.757 32.737 32.732 32.660 32.655 32.620 32.575 32.592 32.595 32.693 32.775 33.083 33.195 33.390 33.252 33.438 33.320 32.952 32.853
31.542 31.595 31.570 31.552 31.493 31.470 31.420 31.425 31.427 31.425 31.483 31.515 31.542 31.625 32.158 33.052 32.055 31.555 31.580 31.622 31.650 32.057 32.167 32.438 32.815 32.592 32.590 32.217 32.130 32.045 32.018 32.030 32.075 32.127 32.162 32.200 32.298 32.432 32.548 32.938 33.115 34.195 35.765 36.368 35.623 34.487 33.740 33.325 33.028 32.985 32.897 32.815 32.778 32.768 32.745 32.702 32.705 32.660 32.655 32.625 32.592 32.630 32.708 32.790 32.827 32.873 32.938 32.975 32.970 32.935 32.865
31.557 31.577 31.517 31.533 31.750 32.445 31.415 31.435 31.448 31.470 31.510 31.520 31.548 31.535 31.490 31.685 32.622 32.150 31.545 31.593 31.608 31.673 32.028 32.045 32.388 32.880 32.783 32.287 32.193 32.130 32.055 32.033 32.052 32.110 32.140 32.182 32.200 32.333 32.480 32.565 32.958 33.765 34.270 35.505 35.798 34.975 33.623 33.783 33.597 33.145 33.018 32.950 32.853 32.842 32.795 32.787 32.732 32.735 32.705 32.645 32.655 32.643 32.612 33.440 32.795 32.842 32.888 32.948 32.938 32.930 32.910
31.577 31.575 31.530 31.500 31.485 33.368 31.397 31.450 31.460 31.472 31.505 31.552 31.542 31.528 31.475 31.452 31.532 32.440 32.150 31.552 31.587 31.635 31.653 32.010 31.970 32.250 32.860 34.575 32.830 32.213 32.162 32.088 32.048 32.060 32.115 32.167 32.220 32.240 32.342 32.478 32.658 33.660 33.530 33.638 34.035 35.958 34.200 35.248 33.705 33.713 33.155 33.045 32.965 32.897 32.812 32.830 32.798 32.785 32.780 32.702 32.735 32.680 32.655 32.650 32.720 32.805 32.865 32.897 32.875 32.915 32.952
31.583 31.570 31.523 31.470 31.442 31.438 31.423 31.450 31.465 31.470 31.538 31.535 31.517 31.528 31.573 31.427 31.400 31.467 32.595 32.435 31.560 31.605 31.640 31.685 31.870 32.015 32.607 37.573 33.978 32.280 32.228 32.180 32.068 32.037 32.100 32.170 32.180 32.195 32.272 32.382 32.515 32.768 33.312 35.445 36.432 37.007 35.808 35.067 34.505 33.722 33.755 33.377 33.068 32.995 32.890 32.840 32.830 32.827 32.818 32.760 32.768 32.737 32.705 32.675 32.677 32.622 33.443 33.225 32.815 32.857 32.935
31.575 31.538 31.513 31.472 31.447 31.433 31.427 31.452 31.455 31.460 31.523 32.438 32.583 31.868 31.947 31.427 31.417 31.355 31.413 32.688 32.568 31.565 31.600 31.657 31.675 32.007 31.885 32.255 33.007 33.018 32.550 32.225 32.173 32.045 32.092 32.120 32.145 32.177 32.252 32.312 32.448 32.515 32.840 34.595 36.320 36.143 35.167 36.222 34.787 33.705 34.143 33.915 33.443 33.105 33.045 32.970 32.878 32.855 32.840 32.833 32.798 32.760 32.752 32.757 32.740 32.720 32.715 32.685 32.708 32.770 32.847
31.557 31.520 31.475 31.452 31.430 31.443 31.443 31.452 31.513 31.505 31.550 33.188 31.493 32.142 33.095 32.818 31.400 31.370 31.403 31.865 33.195 32.490 31.560 31.583 31.695 31.802 31.858 31.930 32.498 35.643 33.320 32.253 32.193 32.160 32.083 32.077 32.092 32.155 32.220 32.255 32.327 32.452 32.562 32.970 33.382 34.340 35.542 35.042 35.048 34.940 35.595 34.765 34.270 33.592 33.147 33.083 32.975 32.912 32.888 32.895 32.838 32.827 32.792 32.757 32.752 32.717 32.732 32.717 32.713 32.740 32.763
31.535 31.525 31.472 31.440 31.430 31.470 31.465 31.497 31.515 31.517 31.560 31.530 31.500 31.810 35.220 34.025 31.620 31.378 31.392 31.448 32.740 33.397 32.298 31.653 31.725 31.770 31.785 32.180 31.958 32.595 32.980 32.388 32.215 32.208 32.150 32.042 32.097 32.173 32.180 32.217 32.255 32.350 32.518 32.612 33.155 33.735 35.128 36.463 35.338 35.923 36.728 36.448 35.490 34.415 33.838 33.268 33.155 33.068 32.925 32.895 32.870 32.865 32.827 32.827 32.833 32.772 32.765 32.757 32.792 32.760 32.747
31.513 31.500 31.470 31.443 31.452 31.465 31.495 31.507 31.520 31.550 31.565 31.517 31.493 31.475 31.455 32.507 31.520 31.390 31.425 31.782 32.785 33.432 32.272 31.625 31.685 31.682 31.672 31.685 32.095 32.085 33.283 35.447 32.415 32.217 32.215 32.135 32.065 32.103 32.147 32.225 32.245 32.327 32.417 32.552 32.655 33.307 34.497 36.247 36.090 36.270 35.525 36.660 35.700 34.965 33.938 33.772 33.405 33.158 33.080 32.987 32.927 32.910 32.928 32.888 32.850 32.860 32.855 32.820 32.853 32.798 32.818
31.548 31.500 31.452 31.405 31.440 31.465 31.495 31.522 31.577 31.573 31.538 31.517 31.480 31.423 31.395 31.373 31.382 31.417 31.455 32.250 33.650 33.310 32.052 31.642 31.925 31.570 31.595 31.642 31.745 32.278 32.958 35.688 32.560 32.225 32.210 32.175 32.110 32.075 32.158 32.185 32.248 32.257 32.345 32.472 32.550 32.717 33.552 34.395 35.170 35.200 36.340 36.345 36.115 34.028 33.967 34.123 34.388 33.455 33.205 33.178 33.040 32.982 32.967 32.940 32.912 32.912 32.873 32.857 32.862 32.873 32.847
31.468 31.448 31.440 31.462 31.493 31.513 31.505 31.545 31.590 31.587 31.540 31.500 31.448 31.397 31.380 31.380 31.410 31.438 31.530 33.357 35.845 32.768 31.653 31.743 32.445 31.575 31.560 31.595 31.645 32.002 32.150 32.333 32.217 32.260 32.217 32.213 32.150 32.097 32.138 32.160 32.230 32.253 32.325 32.393 32.537 32.625 32.865 33.345 33.790 34.228 34.397 34.020 34.077 33.725 33.818 34.100 35.825 33.875 33.498 33.220 33.158 33.083 33.007 32.998 32.938 32.955 32.940 32.955 32.915 32.927 32.923
31.478 31.458 31.450 31.503 31.495 31.542 31.567 31.575 31.590 31.583 31.542 31.477 31.425 31.420 31.405 31.410 31.448 31.465 31.682 31.995 32.740 31.663 31.640 32.575 33.478 32.395 31.522 31.550 31.593 31.655 32.040 32.173 32.250 32.325 32.382 32.213 32.155 32.130 32.130 32.135 32.202 32.243 32.290 32.350 32.410 32.568 32.660 33.033 33.475 33.390 33.265 33.340 33.390 33.705 33.647 33.743 34.033 33.880 33.590 33.237 33.190 33.143 33.695 33.065 33.033 33.015 33.028 32.978 32.970 32.955 32.947
31.472 31.427 31.440 31.510 31.523 31.535 31.600 31.605 31.595 31.562 31.538 31.462 31.452 31.407 31.410 31.415 31.452 31.480 31.503 31.565 31.800 31.630 31.705 32.068 33.825 32.860 31.548 31.533 31.597 31.628 31.725 32.208 32.705 36.980 34.960 32.360 32.153 32.112 32.195 32.135 32.145 32.205 32.270 32.347 32.375 32.445 32.592 32.653 32.720 32.770 32.795 32.823 32.877 32.920 32.998 33.150 33.198 33.353 33.150 33.138 33.140 33.150 33.138 33.118 33.123 33.077 33.028 33.018 33.018 32.997 32.982
31.460 31.455 31.490 31.500 31.548 31.568 31.587 31.615 31.605 31.538 31.515 31.467 32.165 31.665 31.405 31.435 31.485 31.507 31.510 31.560 31.610 31.632 31.823 32.393 34.665 31.750 31.540 31.538 31.555 31.552 31.650 31.827 33.545 34.193 33.792 32.895 32.295 32.145 32.222 32.190 32.138 32.165 32.232 32.315 32.327 32.382 32.470 32.555 32.660 32.670 32.732 32.750 32.772 32.790 32.872 32.893 32.915 32.950 33.003 33.028 33.090 33.135 33.127 33.095 33.195 33.205 33.143 33.050 33.050 33.025 33.005
31.465 31.458 31.500 31.525 31.562 31.590 31.620 31.605 31.538 31.507 31.497 31.875 32.647 31.450 31.458 31.490 31.510 31.505 31.555 31.585 31.628 31.665 31.860 33.145 33.030 31.600 31.577 31.540 31.548 31.550 31.608 31.653 32.753 34.025 34.167 33.912 33.072 32.245 32.158 32.257 32.225 32.150 32.217 32.255 32.330 32.365 32.405 32.985 32.750 32.778 32.850 33.005 33.005 32.950 32.938 32.927 32.935 32.972 32.975 33.005 33.015 33.025 33.075 33.147 33.233 33.237 33.225 33.105 33.105 33.062 33.040
31.467 31.497 31.500 31.542 31.583 31.613 31.618 31.573 31.528 31.525 31.502 32.275 32.167 31.455 31.477 31.487 31.530 31.540 31.573 31.642 31.650 31.792 32.900 33.478 32.625 31.790 31.615 31.545 31.535 31.533 31.585 31.612 31.728 32.798 33.798 36.943 33.495 32.743 32.237 32.197 32.463 32.195 32.202 32.255 32.290 32.340 32.397 32.493 32.682 32.745 32.945 33.478 33.500 33.475 33.620 33.565 33.495 33.495 33.435 33.295 33.115 33.142 33.202 33.255 33.285 33.262 33.173 33.107 33.083 33.073 33.033
31.490 31.525 31.535 31.552 31.583 31.625 31.608 31.545 31.523 31.513 31.845 32.425 31.465 31.490 31.495 31.498 31.567 31.565 31.573 31.632 31.653 32.382 34.215 36.480 33.252 32.395 31.702 31.580 31.570 31.540 31.557 31.605 31.647 31.750 32.778 35.748 34.228 33.417 32.570 32.208 32.220 32.188 32.165 32.213 32.263 32.345 32.408 32.438 32.522 32.680 32.840 33.298 33.495 34.757 33.620 34.033 33.565 33.785 33.670 33.658 33.170 33.220 33.255 33.298 33.305 33.183 33.130 33.088 33.060 33.048 32.987
