data/tq1080_DSM_2m.asc
ncols        500
nrows        500
xllcorner    510000
yllcorner    180000
cellsize     2
NODATA_value  -9999
[rows 32 to 63 of 500, columns 142 to 212 of 500]
35.160 35.200 35.138 35.127 35.220 36.107 35.882 35.335 35.260 35.140 35.542 35.978 35.225 34.787 34.755 36.458 37.948 35.577 35.260 35.800 39.502 38.963 36.935 38.105 40.840 36.278 35.410 35.162 35.042 35.035 35.055 35.100 35.105 35.015 34.952 34.890 34.820 34.770 34.763 34.853 36.688 39.770 40.655 41.338 41.185 38.618 37.190 35.783 34.857 34.763 35.088 35.397 35.808 34.820 34.673 34.650 34.618 34.608 35.080 34.588 34.693 34.533 34.432 34.455 34.410 34.355 34.507 35.600 34.882 37.730 35.975
35.155 35.155 35.115 35.542 38.540 35.885 35.230 35.280 35.393 35.362 35.213 35.193 35.222 36.162 36.052 37.610 37.035 35.895 35.060 36.013 38.763 39.278 38.612 39.720 38.778 35.490 35.480 35.170 34.950 34.958 35.053 35.412 35.100 35.045 34.980 35.130 35.395 34.823 34.822 34.812 36.420 37.708 38.318 39.455 39.972 37.425 37.085 37.173 39.182 37.915 38.338 35.545 35.728 34.705 34.730 34.670 34.645 34.618 34.630 34.533 34.900 35.225 34.573 34.625 34.448 34.400 34.355 34.382 34.833 36.850 36.153
35.145 35.120 35.015 35.243 38.882 35.257 35.120 35.158 35.210 35.270 35.342 35.265 35.175 36.410 37.642 39.268 39.798 38.467 36.932 36.552 38.295 39.110 38.995 39.065 36.882 35.115 35.025 34.970 34.972 34.967 35.092 35.330 35.050 35.042 35.010 35.310 35.037 35.165 34.827 35.420 35.107 36.195 37.695 37.708 37.198 37.167 37.083 38.020 41.365 41.143 41.250 40.528 38.350 36.138 34.940 34.675 34.697 34.638 34.590 34.650 35.057 34.970 34.475 35.505 35.125 34.395 34.365 34.305 34.300 34.340 34.365
35.122 35.097 35.013 35.042 35.155 35.085 35.088 35.140 35.170 35.095 36.638 35.150 35.212 36.822 37.783 35.285 35.868 36.747 38.040 36.540 36.955 38.280 38.475 37.362 36.200 35.058 34.982 34.995 35.007 35.165 35.248 34.982 35.053 34.993 35.062 35.323 34.995 35.015 35.215 35.573 35.373 35.120 35.195 36.562 36.755 36.890 36.655 37.510 40.120 40.895 41.355 42.125 41.400 40.465 36.660 34.688 34.952 34.702 34.590 34.722 35.680 35.570 35.143 36.280 34.498 34.318 34.325 34.333 34.323 34.275 34.265
35.110 35.057 35.003 35.163 35.095 35.048 35.085 35.105 35.127 35.118 35.145 39.685 36.155 36.970 35.240 35.173 35.202 36.565 42.220 36.058 35.807 37.318 37.068 37.350 35.632 35.177 34.925 34.912 34.967 35.033 35.062 34.935 34.972 34.960 35.662 36.620 34.950 34.917 35.237 35.530 35.002 35.028 34.925 34.985 34.840 35.823 35.680 35.412 37.325 38.415 39.882 40.823 41.302 41.347 40.885 39.440 38.720 37.235 34.783 35.380 35.432 35.163 34.570 34.643 34.467 34.485 34.318 34.305 34.315 34.753 34.415
35.145 35.083 35.057 35.243 35.022 35.045 35.112 35.077 35.110 35.125 35.100 35.015 36.165 35.365 37.080 35.975 35.217 36.085 35.745 35.120 35.628 36.693 36.417 37.595 36.130 35.292 34.972 34.912 34.948 35.200 35.010 34.858 34.868 34.997 35.085 35.320 34.908 34.877 34.865 34.930 34.912 34.888 35.210 35.018 35.448 37.143 35.925 35.088 36.142 37.083 35.805 36.432 38.925 40.640 41.215 41.362 40.995 41.170 39.920 37.785 35.870 34.972 34.603 34.583 34.528 34.702 34.423 34.615 34.595 34.938 35.070
35.138 35.090 35.248 35.208 35.017 35.055 35.070 35.092 35.118 35.083 35.053 35.802 36.170 35.132 36.128 35.540 35.075 35.198 35.673 35.375 35.195 35.950 35.975 36.055 36.427 37.022 35.357 35.410 37.982 37.158 34.938 35.278 37.880 34.935 34.847 34.838 34.872 34.985 34.912 34.860 34.878 34.868 35.097 34.945 35.987 36.550 35.115 34.818 34.800 35.040 34.920 34.685 34.635 35.778 38.365 40.447 41.085 41.430 41.410 41.412 40.307 37.575 35.155 34.632 34.878 35.362 35.135 34.680 35.138 35.000 34.680
35.110 35.153 35.403 35.120 35.062 35.100 35.090 35.100 35.103 35.070 35.050 35.045 35.303 35.090 35.030 35.060 35.110 35.153 35.217 35.325 35.342 37.312 37.247 35.135 36.555 38.070 35.408 35.893 39.432 38.470 36.752 34.743 36.442 34.975 35.612 36.897 35.382 35.435 34.895 34.812 34.827 34.975 34.847 34.845 34.850 34.823 34.713 34.700 34.820 35.205 34.680 34.667 34.650 34.840 34.763 35.438 37.870 40.177 41.510 41.417 41.182 40.635 35.935 35.090 35.447 35.053 34.928 34.505 34.560 34.830 34.905
35.105 35.202 35.230 35.073 35.075 35.120 35.112 35.055 35.097 35.077 35.040 35.170 35.135 35.037 35.070 35.107 35.165 35.193 35.263 35.130 35.033 35.865 36.020 35.105 35.400 35.403 34.965 36.333 38.818 37.445 35.702 34.810 34.860 34.655 39.272 41.182 40.070 37.698 36.853 35.987 35.018 35.408 34.713 35.070 34.795 34.818 34.688 34.700 34.990 34.888 34.653 34.632 34.635 34.855 35.905 35.120 34.772 35.388 37.268 39.855 40.853 39.790 34.705 36.182 36.923 38.622 38.205 36.700 34.507 34.632 34.498
35.092 35.228 35.105 35.092 35.100 35.123 35.128 35.130 35.115 35.052 35.060 35.225 35.075 35.060 35.075 35.123 35.170 35.210 35.350 38.033 38.760 36.138 35.048 35.280 35.390 35.225 35.065 34.778 36.275 35.755 35.568 35.800 36.610 36.237 39.990 41.095 41.085 38.463 37.075 37.007 36.425 34.708 34.803 35.083 35.033 34.757 34.730 34.812 34.827 34.677 34.645 34.577 34.940 34.897 36.255 34.820 34.858 34.927 34.877 35.247 37.600 36.978 35.728 36.755 38.222 40.807 40.943 39.638 37.865 34.772 34.493
35.115 35.208 35.070 35.107 35.120 35.143 35.170 35.130 35.097 35.068 35.162 35.207 35.010 35.075 35.138 35.188 35.202 35.243 35.792 40.963 41.318 40.978 39.255 36.548 35.300 35.138 34.783 34.685 34.557 34.487 35.170 36.080 36.868 35.342 35.655 37.003 37.952 37.095 37.010 37.130 35.170 34.670 34.735 34.818 34.855 34.700 34.715 35.007 35.287 34.667 34.655 34.565 34.677 34.708 34.780 34.780 35.062 34.868 34.720 35.640 35.285 34.665 35.267 36.787 39.545 40.830 41.460 41.635 41.390 39.770 37.190
35.190 35.123 35.088 35.130 35.130 35.145 35.165 35.120 35.073 35.088 35.265 35.100 35.050 35.108 35.158 35.193 35.228 35.355 39.160 41.338 41.917 41.728 41.365 41.020 39.680 36.908 34.770 34.695 34.580 34.448 34.323 34.335 35.190 34.662 35.400 36.650 36.888 36.960 36.885 36.155 34.685 36.028 35.350 34.792 34.715 35.890 35.198 35.737 34.665 34.620 34.627 34.588 34.743 34.730 34.775 35.333 36.515 34.838 34.965 34.823 34.853 34.715 35.618 37.278 37.800 38.895 40.022 40.680 41.432 41.590 41.280
35.158 35.057 35.097 35.140 35.123 35.127 35.145 35.130 35.085 35.155 35.252 35.053 35.085 35.125 35.180 35.200 35.260 35.853 40.725 41.680 42.382 42.475 42.095 41.745 41.188 37.112 34.728 34.622 34.557 34.425 34.330 34.365 34.380 34.405 35.510 37.417 35.702 36.853 38.435 35.858 35.877 39.890 37.158 35.702 34.700 37.395 37.425 35.978 34.565 34.705 34.917 34.505 34.588 34.630 34.660 38.677 40.417 34.903 36.345 35.722 34.903 34.870 34.642 35.515 36.865 37.300 37.575 38.215 38.215 40.487 41.195
35.083 35.053 35.068 35.080 35.123 35.135 35.115 35.092 35.070 35.257 35.120 35.050 35.092 35.132 35.167 35.217 35.395 37.972 41.257 42.025 42.780 42.995 42.375 41.645 39.710 34.792 34.710 34.603 34.495 34.417 34.390 34.405 34.405 34.420 34.395 35.173 34.823 39.135 40.393 40.787 38.310 40.888 38.128 37.060 36.835 37.528 40.878 39.400 34.530 34.515 34.503 34.480 34.552 34.585 35.005 40.338 37.748 34.662 35.060 34.635 34.700 35.243 34.520 34.622 34.890 35.750 36.963 35.243 34.493 35.735 38.535
35.080 35.097 35.112 35.090 35.110 35.097 35.083 35.050 35.107 35.255 35.065 35.070 35.135 35.182 35.217 35.255 35.495 40.838 41.603 42.365 43.088 42.780 42.007 41.280 37.302 34.748 34.650 34.565 34.482 34.405 34.415 34.425 34.423 34.427 34.420 34.420 34.463 37.625 39.910 40.530 41.162 40.725 35.325 36.722 36.963 38.307 41.177 37.522 34.515 34.525 34.478 34.875 34.493 34.515 34.548 35.285 34.917 34.510 34.530 34.745 35.065 36.917 36.013 34.915 34.535 34.685 35.160 34.472 34.423 34.610 34.580
35.083 35.105 35.160 35.143 35.120 35.108 35.062 35.017 35.180 35.158 35.070 35.142 35.150 35.202 35.228 35.295 37.963 41.238 41.967 42.695 43.092 42.430 41.700 40.533 36.150 34.720 34.642 34.537 34.450 34.442 34.452 34.450 34.440 34.442 34.470 34.487 34.460 35.230 35.028 36.178 38.893 35.603 35.880 36.685 37.155 41.013 40.930 34.943 34.510 34.955 34.472 34.465 34.432 34.432 35.287 35.030 34.440 34.537 35.013 36.070 36.333 37.028 35.408 34.862 35.435 35.275 35.190 34.370 34.368 34.412 34.603
35.220 35.140 35.167 35.127 35.132 35.100 35.073 35.100 35.182 35.020 35.088 35.147 35.165 35.222 35.260 35.452 40.385 41.558 42.312 43.048 42.815 42.022 41.295 38.865 34.833 34.725 34.653 34.530 34.448 34.445 34.463 34.460 34.493 34.480 34.485 34.510 34.522 34.520 34.485 34.495 34.518 34.955 35.653 36.908 38.690 41.065 39.568 35.370 34.847 34.442 34.412 34.405 34.400 34.390 35.600 36.717 36.732 34.677 34.985 35.952 35.323 35.057 34.435 34.458 34.638 35.388 34.688 34.395 34.403 34.380 34.987
35.345 35.197 35.192 35.173 35.147 35.088 35.068 35.240 35.097 35.068 35.112 35.147 35.210 35.232 35.342 37.080 41.188 41.960 42.688 43.142 42.478 41.722 40.960 36.085 34.870 34.728 34.667 34.577 34.465 34.472 34.482 34.642 34.675 34.520 34.507 34.530 34.522 34.550 34.537 34.537 34.518 34.675 35.412 36.765 37.240 37.270 34.815 34.528 36.005 34.915 34.478 34.447 34.393 34.423 35.693 37.240 37.110 34.693 35.048 35.750 34.375 34.353 34.327 34.373 34.770 35.235 34.440 34.405 34.412 34.728 34.542
35.240 35.228 35.202 35.180 35.260 35.155 35.158 35.443 35.088 35.112 35.165 35.190 35.213 35.245 35.493 40.560 41.557 42.272 43.002 42.845 42.112 41.360 39.695 35.347 34.862 34.770 34.655 34.522 34.480 34.472 34.505 35.740 35.930 34.993 34.712 34.787 34.542 34.588 34.580 34.570 34.580 34.722 35.365 34.967 34.592 35.138 35.010 35.260 35.065 34.978 34.595 34.790 34.810 34.393 35.092 35.802 35.070 34.583 36.875 35.557 34.295 34.420 34.257 34.283 34.717 34.768 34.338 34.342 34.312 35.452 36.787
35.268 35.263 35.240 35.232 35.365 35.345 35.325 35.285 35.090 35.125 35.193 35.205 35.232 35.347 37.803 41.165 41.900 42.610 43.080 42.520 41.765 41.010 36.370 35.068 34.817 34.767 34.630 34.513 34.482 34.443 34.812 35.275 35.323 35.022 36.173 37.128 36.088 34.952 34.597 34.607 34.583 34.768 35.198 34.888 34.630 34.620 34.667 35.033 36.305 39.925 36.037 35.868 36.588 34.572 34.653 34.533 34.222 34.653 36.620 34.342 34.230 34.145 34.125 34.567 34.347 34.232 34.285 34.243 34.470 35.938 37.655
35.300 35.300 35.283 35.278 35.262 35.315 35.375 35.368 35.263 35.190 35.177 35.215 35.275 35.560 39.908 41.357 41.838 42.215 42.537 42.173 41.417 39.060 35.378 34.817 34.745 34.715 34.595 34.528 34.478 34.553 36.627 36.385 35.160 38.800 44.147 40.665 37.823 35.507 35.300 35.052 34.618 35.505 37.530 36.512 35.340 34.660 34.562 35.118 37.182 38.143 34.287 37.107 39.090 35.463 36.272 36.145 34.555 35.927 36.720 35.785 34.700 34.123 34.673 35.638 34.275 34.140 34.200 34.240 34.717 34.522 35.710
35.443 35.360 35.283 35.252 35.267 35.255 35.262 35.312 35.342 35.217 35.230 35.245 35.365 35.537 37.760 40.097 41.118 41.458 41.812 41.827 41.107 36.030 35.190 34.770 34.732 34.640 34.545 34.493 34.458 35.900 37.130 37.150 36.680 42.393 46.768 46.153 44.605 40.030 35.702 34.978 35.385 37.395 38.485 38.205 37.050 34.825 34.410 34.248 34.308 34.420 34.188 36.635 34.400 34.307 36.583 35.695 36.472 37.623 36.607 36.590 36.590 35.982 35.342 34.868 34.073 34.065 34.060 34.128 34.160 34.015 34.377
35.472 35.510 35.443 35.355 35.307 35.300 35.257 35.255 35.248 35.243 35.263 35.270 35.440 35.680 35.353 35.177 37.118 40.213 41.085 41.333 39.630 35.393 34.822 34.760 34.708 34.562 34.520 34.480 34.485 36.603 37.138 37.158 38.685 46.467 47.565 47.630 46.967 46.243 43.935 35.060 34.675 35.965 37.342 37.923 36.100 34.835 34.890 34.237 34.188 34.175 34.138 34.135 34.138 34.165 40.502 36.610 35.243 37.610 36.675 36.635 36.632 36.607 36.427 34.202 34.025 33.975 33.990 34.020 33.965 33.955 33.950
37.040 35.737 35.490 35.480 35.460 35.372 35.310 35.302 35.283 35.270 35.252 35.265 35.382 35.553 35.520 35.185 35.090 35.095 36.588 39.155 37.245 35.028 34.785 34.747 34.643 34.533 34.493 34.458 35.592 37.158 37.135 37.167 42.268 46.612 46.428 47.083 47.567 46.395 42.232 35.225 34.573 34.620 34.728 35.705 34.943 34.265 34.285 34.232 34.200 34.135 34.127 34.118 34.118 34.107 34.210 34.115 34.060 37.128 40.408 36.405 36.682 36.635 35.785 34.010 33.987 33.890 33.982 33.925 33.855 33.830 34.607
38.567 38.222 35.097 35.275 35.827 35.645 35.487 35.400 35.347 35.272 35.245 35.270 35.230 35.228 35.257 35.248 35.213 35.192 35.095 35.030 34.985 34.850 34.755 34.690 34.540 34.507 34.483 34.463 35.480 37.037 37.165 37.507 46.162 46.243 45.670 45.810 46.302 45.440 43.427 42.330 38.655 34.507 34.525 35.388 34.700 34.248 34.265 34.220 34.192 34.155 34.135 34.143 34.115 34.068 34.045 34.015 34.042 36.375 35.232 34.153 35.720 36.357 34.792 34.112 34.145 34.170 34.083 33.947 33.823 33.838 34.265
38.560 38.310 37.292 35.888 35.128 35.415 35.522 35.510 35.460 35.292 35.255 35.202 35.145 35.092 35.577 35.020 35.028 35.035 34.985 34.947 35.033 34.798 34.790 34.627 34.515 34.480 34.458 34.665 35.425 35.260 35.795 42.717 46.823 46.380 45.778 46.005 46.757 44.620 43.433 43.518 39.680 34.455 34.390 35.708 34.310 34.245 34.217 34.177 34.162 34.150 34.128 34.122 34.095 34.048 34.015 33.970 33.982 34.002 33.998 34.005 34.002 34.632 35.490 34.948 34.263 36.205 35.458 34.545 33.798 34.228 35.150
38.938 38.850 38.612 38.353 36.502 34.975 35.330 35.270 35.495 35.423 35.290 35.158 35.090 35.025 34.975 34.895 34.792 34.792 34.783 34.812 35.290 34.765 35.323 34.580 34.510 34.432 34.445 34.760 35.097 34.778 37.250 46.327 47.500 47.705 47.145 46.740 46.330 43.735 43.445 43.025 35.917 34.440 34.357 34.985 34.575 34.222 34.210 34.165 34.162 34.145 34.100 34.110 34.077 34.025 33.995 33.975 33.895 33.878 33.945 33.935 33.932 33.908 33.910 34.625 37.660 36.515 36.833 36.060 34.518 35.445 35.105
39.603 39.337 39.103 38.845 38.635 38.015 36.625 36.030 35.105 35.430 35.373 35.235 35.090 35.522 34.950 34.827 34.770 34.690 34.658 34.650 34.635 34.647 34.605 34.507 34.458 34.430 34.553 34.847 35.122 34.815 38.145 43.185 46.247 46.947 47.507 46.585 44.537 43.458 43.505 40.870 34.465 34.397 34.335 34.260 34.222 34.217 34.200 34.170 34.122 34.115 34.097 34.068 34.050 34.022 33.985 33.938 33.915 33.917 33.915 33.908 33.890 33.882 33.862 33.875 39.942 34.818 39.158 35.182 35.750 38.452 37.015
39.927 39.810 39.592 39.360 39.120 38.875 38.650 38.397 37.205 35.408 35.068 35.257 35.185 35.658 34.873 34.765 34.667 34.632 34.610 34.577 34.522 34.515 34.507 34.482 34.428 34.428 34.678 34.515 34.890 34.700 36.240 37.737 39.092 41.825 46.170 44.940 41.048 43.432 43.278 36.007 34.430 34.347 34.263 34.202 34.233 34.205 34.192 34.150 34.112 34.092 34.088 34.077 34.048 34.007 33.980 33.927 33.910 33.935 33.970 33.912 33.868 33.845 33.833 33.860 33.882 34.382 34.962 38.478 39.475 36.470 36.632
39.955 39.910 39.935 39.827 39.607 39.390 39.140 38.908 38.680 38.243 37.193 35.090 35.007 34.960 34.963 34.827 34.693 34.592 34.545 34.525 34.495 34.483 34.440 34.408 34.388 34.428 34.465 34.630 35.472 34.487 34.548 35.342 36.713 34.890 35.222 38.850 34.505 37.153 39.248 34.745 34.360 34.335 34.667 34.482 34.210 34.182 34.165 34.122 34.120 34.103 34.070 34.062 34.018 33.987 33.938 33.903 33.908 33.920 33.963 33.935 33.882 33.862 33.875 33.868 33.862 33.875 33.870 35.050 34.037 33.875 34.802
39.975 39.952 39.960 39.935 39.950 39.850 39.640 39.408 39.177 38.938 38.685 38.380 36.860 34.695 34.680 34.768 34.735 34.623 34.525 34.490 34.487 34.442 34.397 34.345 34.353 34.427 34.482 34.590 34.635 34.412 34.435 34.840 34.640 34.475 34.478 34.472 34.460 34.450 34.435 34.408 34.873 34.985 34.932 34.200 34.210 34.162 34.138 34.090 34.120 34.103 34.055 34.042 34.010 33.958 33.910 33.895 33.893 33.908 33.917 33.910 33.885 33.895 33.897 33.893 33.868 33.862 33.838 33.815 33.787 33.792 33.818
39.995 39.987 39.975 39.982 39.970 39.955 39.945 39.845 39.665 39.403 39.092 38.700 36.823 34.485 34.565 34.660 34.695 34.680 34.545 34.455 34.445 34.393 34.333 34.318 34.382 34.440 34.447 34.455 34.438 34.420 34.455 34.638 34.465 34.445 34.438 34.458 34.452 34.443 34.397 34.345 34.975 34.542 34.170 34.193 34.208 34.180 34.130 34.092 34.090 34.045 34.058 34.025 33.998 33.952 33.935 33.910 33.920 33.857 33.855 33.857 33.855 33.865 33.870 33.873 33.882 33.870 33.835 33.787 33.795 33.802 33.805
