data/tq1080_DSM_2m.asc
ncols        500
nrows        500
xllcorner    510000
yllcorner    180000
cellsize     2
NODATA_value  -9999
[rows 192 to 223 of 500, columns 0 to 70 of 500]
34.592 34.333 34.368 34.408 34.683 36.505 37.585 37.305 36.772 36.287 34.958 34.173 34.555 40.280 42.185 41.643 37.470 35.010 34.702 34.068 34.062 34.033 35.002 33.920 34.013 34.007 33.923 33.915 33.972 34.003 33.948 33.905 33.912 33.927 37.690 41.350 41.915 38.850 34.927 34.377 34.360 34.028 34.022 34.080 34.123 34.568 35.415 36.097 36.385 37.062 37.215 37.050 35.770 33.925 34.225 33.990 33.768 33.798 34.655 36.132 34.680 33.908 36.270 34.612 34.283 34.390 35.347 34.868 33.990 34.995 34.495
35.735 34.415 34.312 34.310 34.550 36.220 37.388 37.307 36.982 36.897 34.638 34.202 35.542 40.487 42.088 40.580 36.880 34.257 34.653 34.088 34.007 33.958 33.927 33.952 34.015 33.960 33.923 33.935 33.987 34.495 34.620 34.118 33.960 34.943 39.908 42.127 41.448 36.603 33.927 34.015 34.357 34.070 34.033 34.007 33.980 34.452 34.180 34.217 34.230 34.678 35.452 37.722 35.285 34.007 34.632 33.802 33.840 34.073 36.130 37.850 34.830 39.940 44.450 43.620 36.130 33.818 35.943 35.932 35.232 33.590 33.452
35.952 34.915 34.705 34.290 34.415 34.998 34.963 35.748 35.470 35.720 34.853 35.045 36.232 39.062 40.673 37.177 34.750 34.083 34.565 34.070 34.302 34.115 33.942 34.052 34.033 33.955 33.947 33.952 34.003 34.143 34.123 34.455 34.675 37.410 41.228 42.210 40.768 37.972 33.912 33.945 34.030 34.083 34.065 34.420 34.195 34.028 34.132 34.153 34.198 34.605 34.778 36.560 34.755 34.705 34.708 34.030 33.938 33.985 36.068 37.730 38.350 40.820 44.503 43.675 34.938 38.713 38.775 35.890 34.160 34.362 37.923
34.650 34.278 34.653 35.305 34.728 34.255 34.280 34.300 36.533 39.605 37.368 35.327 35.052 35.070 36.362 35.585 34.220 34.132 34.195 34.325 36.292 34.105 34.005 34.103 33.985 34.037 34.472 33.985 34.042 34.610 35.145 34.487 35.100 39.980 42.162 42.312 40.055 35.825 33.935 34.052 34.050 34.035 34.068 34.075 34.700 34.943 34.347 34.180 34.417 35.370 36.323 36.880 36.580 36.130 35.507 35.283 34.583 34.610 35.585 36.862 36.525 35.600 35.197 35.028 36.373 39.862 39.743 36.683 33.565 34.410 37.737
34.210 34.237 34.228 34.265 34.897 34.658 34.375 34.610 38.928 40.995 40.658 39.730 36.252 34.920 34.850 34.513 34.815 34.205 34.090 35.580 35.222 33.965 34.068 34.085 35.485 34.430 34.708 34.025 34.237 34.583 34.515 34.120 37.125 41.075 42.265 40.872 36.955 34.300 34.878 35.180 34.643 34.105 34.183 34.140 34.030 34.283 34.722 34.932 34.382 34.498 36.530 36.905 36.935 36.885 36.170 34.490 33.873 33.838 34.943 36.990 38.873 35.048 33.722 34.290 39.385 40.018 39.108 34.395 33.903 35.967 38.243
34.325 34.213 34.195 34.197 34.250 34.412 34.787 36.143 40.497 41.912 41.885 40.710 37.018 34.132 34.623 34.952 34.330 34.195 34.070 34.155 34.025 34.022 34.125 34.040 35.312 35.405 34.100 34.325 34.522 34.990 35.627 34.860 39.920 42.110 41.647 40.083 34.368 34.115 34.903 35.900 35.278 34.213 34.408 34.062 34.022 34.080 34.105 34.112 34.932 35.510 36.785 36.940 36.932 36.847 35.118 33.860 33.845 33.835 33.800 34.855 35.653 35.768 34.768 37.478 39.767 39.780 37.702 33.635 34.885 39.055 37.585
34.472 34.372 34.662 35.033 34.295 34.228 34.412 38.580 41.135 42.533 41.525 40.065 34.153 34.153 34.115 34.055 34.065 34.130 34.073 33.987 34.002 34.103 34.118 34.015 34.000 34.065 34.123 34.243 34.055 34.070 37.410 39.610 41.295 42.147 40.347 36.915 34.193 34.055 34.085 34.372 34.757 34.493 34.408 34.507 34.500 34.075 34.088 34.357 35.890 35.592 34.355 35.097 36.542 36.838 33.998 33.798 33.815 33.825 33.842 33.805 33.838 33.885 34.010 39.280 40.507 39.682 37.670 36.655 36.472 39.513 34.748
34.565 34.333 34.678 35.958 35.415 34.162 35.220 39.575 41.792 42.275 40.785 38.373 34.528 34.143 34.100 34.060 34.952 34.092 34.040 33.993 34.015 34.103 34.080 34.000 34.040 34.062 34.320 34.115 34.020 34.802 41.372 41.603 42.373 42.033 36.235 34.120 34.070 34.060 34.050 34.002 34.007 34.055 34.177 34.548 34.342 34.080 34.100 35.200 35.897 34.385 33.895 33.910 33.985 35.118 34.048 33.805 33.802 33.800 33.772 33.810 33.823 33.840 37.280 39.753 39.903 36.993 36.237 37.315 38.185 38.010 33.835
34.450 34.353 34.373 34.260 34.570 34.325 38.378 41.048 42.450 41.570 40.118 35.315 35.318 35.298 34.638 35.215 34.825 34.003 35.028 33.990 34.095 34.125 34.017 34.017 34.033 34.065 34.088 34.075 34.030 38.333 41.278 42.260 42.217 39.715 35.130 34.785 34.118 34.217 35.130 34.103 34.012 34.040 33.990 34.020 34.180 34.955 36.860 36.732 35.778 34.390 33.972 33.935 33.888 33.940 35.635 35.202 34.210 34.010 33.890 33.938 33.870 33.958 38.620 40.003 39.460 36.160 33.737 34.800 35.482 33.818 33.570
34.772 34.560 34.345 34.318 34.798 34.868 39.575 41.740 42.335 40.853 36.995 34.135 34.088 34.480 35.345 37.097 41.458 35.312 39.205 34.220 34.143 34.062 33.967 34.003 34.065 34.065 34.365 34.112 34.048 34.972 38.130 40.295 40.880 37.435 34.150 34.158 34.190 34.878 35.463 34.158 34.073 34.105 34.138 34.035 34.010 35.153 37.500 37.875 35.028 34.485 34.000 33.965 33.923 33.920 35.285 35.960 35.842 34.347 34.405 33.940 33.780 35.757 39.683 39.920 38.630 35.265 33.667 33.647 33.588 33.690 33.917
35.142 35.682 34.630 34.870 34.850 38.220 40.995 42.412 41.925 40.162 35.702 34.497 34.112 34.088 34.705 41.905 40.990 40.895 36.443 35.073 34.158 34.028 33.985 34.022 34.103 34.103 34.177 34.995 34.632 34.732 35.135 35.673 38.097 34.550 34.120 34.097 34.030 34.153 34.580 34.688 34.230 34.092 34.050 34.062 34.020 34.015 35.470 35.745 35.055 34.658 34.562 34.135 34.097 33.932 33.905 34.220 34.560 33.757 33.763 33.835 33.767 34.062 37.585 39.445 35.728 34.252 34.583 33.618 33.603 34.287 34.570
34.290 34.525 34.978 36.070 35.950 39.845 41.660 42.345 40.958 38.373 34.580 34.763 34.340 34.357 34.850 38.950 38.050 34.818 37.208 36.177 34.057 33.988 34.007 34.062 34.180 34.073 34.360 34.715 34.590 34.845 34.768 34.205 34.568 34.208 34.185 34.068 34.045 34.010 33.950 33.905 34.445 34.713 34.177 34.062 34.147 34.272 34.533 34.458 34.307 34.110 34.272 35.360 34.990 34.897 34.097 33.925 33.890 33.757 33.763 33.795 35.397 37.702 34.860 33.965 34.748 34.627 34.092 33.565 33.612 33.993 33.713
34.362 34.285 34.938 36.698 38.618 41.057 42.322 41.715 40.272 36.255 35.270 34.815 34.525 34.483 34.518 34.042 34.035 34.865 34.033 34.198 34.033 34.060 34.095 34.317 34.850 34.050 34.015 34.463 34.905 34.807 34.228 34.630 36.077 36.365 36.243 34.475 34.048 34.028 34.005 33.985 33.927 33.950 35.675 35.312 34.315 34.550 34.450 34.433 34.280 33.985 33.938 33.888 34.990 35.643 36.285 35.200 34.005 33.745 33.967 33.810 38.695 39.960 39.355 34.780 33.970 33.765 33.585 33.625 33.607 33.720 33.915
34.438 34.380 36.040 37.698 40.162 41.647 42.397 41.037 38.860 35.278 35.090 34.660 35.033 34.728 34.122 34.060 34.007 39.485 35.643 34.070 34.103 35.105 34.112 34.705 34.380 34.097 34.100 34.062 36.927 39.917 37.565 34.790 34.378 36.638 36.743 35.465 34.190 34.002 33.987 34.012 34.073 34.155 35.397 36.410 36.500 35.987 35.193 34.307 34.170 34.018 33.993 33.978 33.915 33.955 34.695 35.667 36.013 35.400 34.268 36.915 39.618 39.932 38.415 33.915 34.400 33.967 33.705 33.610 33.597 33.680 34.625
34.350 34.618 37.103 38.627 40.722 41.827 41.768 40.312 36.923 34.730 34.388 35.110 34.945 34.193 34.088 34.042 34.025 34.840 34.080 34.013 34.162 34.732 34.160 34.745 34.897 34.548 34.077 34.345 39.170 41.118 40.790 40.095 37.535 34.160 35.002 35.895 36.130 35.255 34.197 34.135 34.378 34.325 35.772 36.285 35.767 36.548 35.500 34.130 33.987 33.987 34.330 34.573 33.917 33.903 33.888 33.860 34.377 35.443 35.210 38.632 39.960 39.548 36.575 34.077 34.603 33.860 33.607 33.607 33.552 33.542 33.655
34.643 35.062 36.425 37.135 39.305 40.548 40.897 38.400 34.153 34.225 34.493 34.615 34.630 34.160 34.030 34.020 34.055 34.090 34.060 34.015 34.077 34.122 34.167 34.073 34.075 34.567 34.838 36.325 40.627 41.990 41.950 40.568 36.737 34.173 34.177 34.153 34.230 35.033 35.993 35.257 35.083 35.522 36.310 36.470 36.208 34.393 33.930 33.948 33.983 33.963 36.722 37.635 34.310 33.910 33.885 33.820 33.833 33.825 36.245 39.757 40.535 38.732 33.995 34.515 33.875 33.568 33.603 33.562 34.088 33.640 33.625
34.285 34.360 34.817 35.160 34.722 36.230 39.095 35.470 34.182 34.185 34.188 34.470 35.105 34.145 34.042 34.007 34.055 34.090 34.052 34.002 34.083 34.145 34.198 34.092 34.310 35.015 34.530 38.963 41.743 42.787 41.740 40.485 34.868 34.190 34.145 34.118 34.118 34.107 34.522 35.315 35.603 35.673 35.935 36.263 36.540 33.958 33.912 34.018 33.940 34.570 36.217 35.978 34.975 33.870 33.873 34.208 34.007 34.243 37.787 39.927 40.292 36.158 35.722 33.927 33.675 33.577 33.627 33.768 34.033 33.755 34.147
34.335 34.350 34.335 34.917 35.055 34.270 34.260 34.770 34.300 34.150 34.185 35.167 34.360 34.100 34.005 34.037 34.118 34.097 34.035 34.062 34.083 34.095 34.090 34.195 34.235 34.298 36.062 40.393 41.930 42.360 41.182 36.770 34.520 34.560 34.307 34.110 34.122 34.077 34.570 33.995 33.972 34.737 35.720 36.042 35.835 33.912 34.290 33.920 33.912 34.320 35.980 34.710 34.493 34.290 33.768 34.143 34.895 35.365 39.552 40.020 38.658 33.855 34.243 33.818 33.755 33.583 33.610 34.205 34.112 33.580 34.510
34.290 34.643 34.275 37.333 39.132 36.333 34.493 34.300 34.353 34.188 34.175 34.412 34.170 34.080 34.033 34.105 34.095 34.055 34.022 34.052 34.123 34.173 34.145 34.145 34.175 34.425 39.202 41.135 42.412 41.500 39.693 34.820 34.510 37.005 37.370 34.750 34.132 34.065 34.068 34.005 33.978 34.272 34.928 36.135 36.722 34.585 33.920 33.912 33.888 33.917 33.935 34.205 36.205 36.715 34.677 33.775 33.730 37.760 39.938 39.675 36.665 33.720 33.730 33.680 33.632 33.610 34.025 34.180 34.493 33.830 37.487
34.408 35.202 35.910 40.305 41.408 40.980 39.225 34.643 34.737 34.487 34.165 34.122 34.083 34.048 34.070 34.235 34.170 34.010 34.048 34.072 34.415 34.903 34.158 34.410 34.173 35.193 40.365 41.923 42.315 40.760 36.513 34.105 34.952 35.447 37.378 35.002 34.130 34.073 34.017 34.005 34.080 34.518 34.868 34.350 35.860 36.522 35.767 34.340 33.880 33.908 33.842 33.942 35.252 35.650 36.042 34.162 33.735 35.583 39.220 39.028 34.292 33.688 33.690 33.630 33.600 33.590 33.908 34.198 34.600 35.950 39.170
35.292 36.022 38.630 40.972 42.292 41.478 40.120 34.320 34.432 34.408 34.188 34.160 34.060 34.045 34.135 34.250 34.075 34.022 34.053 34.123 35.143 35.097 35.450 35.353 35.173 38.485 41.055 42.403 41.577 40.077 35.330 34.120 34.040 34.110 34.048 34.100 34.145 34.185 34.312 34.562 34.475 36.138 34.827 34.193 34.122 34.647 36.045 36.510 35.502 34.978 34.770 33.877 33.845 37.550 36.280 34.255 34.330 33.905 33.728 34.693 33.963 33.670 33.647 33.618 33.622 33.560 33.835 34.725 33.932 36.980 39.865
34.353 35.320 39.355 41.667 42.257 40.820 36.675 35.208 34.275 34.342 34.190 34.140 34.068 34.083 34.177 34.140 34.045 34.052 34.090 34.202 34.650 34.135 34.325 34.540 36.893 40.522 41.805 42.283 40.815 36.708 34.305 34.465 35.257 37.380 35.565 34.077 34.107 34.120 34.158 34.385 35.058 37.448 34.567 34.090 34.097 34.080 34.010 35.260 36.688 34.872 34.557 33.830 36.268 40.195 40.455 39.765 36.360 34.120 33.978 34.040 34.607 34.100 33.575 33.620 33.607 33.575 34.278 34.118 34.743 39.127 39.995
34.310 37.640 40.857 42.230 41.610 40.155 35.035 34.375 34.195 34.585 34.175 34.130 34.045 34.095 34.190 34.083 34.040 34.053 34.105 34.195 34.138 34.140 34.145 34.135 37.775 41.490 42.408 42.298 39.780 34.228 34.228 34.173 34.530 37.287 36.645 34.160 34.062 34.092 34.103 34.255 36.112 38.458 37.647 34.250 34.060 34.058 34.065 34.025 34.452 34.303 34.270 34.285 38.713 40.900 41.575 40.638 38.690 34.143 33.755 33.730 34.025 35.397 34.495 33.632 33.583 33.533 34.345 33.958 37.372 39.548 39.570
34.943 39.893 41.495 42.013 40.903 38.360 34.217 34.770 34.585 34.490 34.205 34.135 34.068 34.125 34.155 34.018 34.030 34.042 34.155 34.208 34.147 34.110 34.147 35.917 40.243 41.705 42.287 41.013 37.662 34.213 34.128 34.083 34.095 35.932 35.345 34.397 34.165 34.248 35.635 39.018 38.735 38.357 36.165 35.130 33.970 33.987 34.035 34.000 33.915 34.215 35.868 35.873 40.145 41.680 41.715 40.250 35.768 33.702 33.740 35.255 34.338 35.573 34.667 33.615 33.860 33.625 34.022 35.105 38.327 39.772 39.183
34.853 37.708 39.935 40.825 40.265 35.312 34.190 35.153 35.912 34.188 34.162 34.065 34.072 34.170 34.077 33.963 34.068 34.123 34.160 34.185 34.190 34.573 34.368 37.232 40.220 40.972 41.345 39.833 35.153 34.248 34.245 34.150 34.120 34.292 34.132 34.150 34.327 35.927 38.235 42.792 40.677 37.255 34.778 33.955 33.877 33.892 33.963 33.970 33.903 35.062 36.452 38.948 40.838 42.120 41.110 39.603 35.818 33.750 34.173 35.490 33.807 33.615 33.625 33.575 33.955 34.628 34.228 34.557 38.217 40.780 38.263
34.460 34.270 36.350 36.807 37.195 35.085 34.125 35.623 35.062 34.140 34.095 35.520 34.155 34.155 34.015 34.360 34.275 34.158 34.240 35.310 34.507 34.577 34.752 34.857 36.132 38.753 40.167 38.028 34.347 34.158 34.170 34.147 34.175 34.173 35.160 34.202 34.588 35.260 36.807 39.162 38.158 36.180 34.270 34.002 33.895 33.857 33.850 33.885 33.880 34.145 36.125 40.045 41.555 41.842 40.365 37.493 34.950 34.778 34.750 33.715 33.635 33.645 33.607 33.662 33.662 33.685 34.182 35.205 35.042 35.022 34.990
35.493 34.300 34.382 34.447 35.412 34.553 36.150 37.775 34.153 34.118 34.060 34.397 34.202 34.125 34.092 35.033 34.230 34.360 34.170 34.307 36.772 39.700 37.180 34.732 35.265 34.975 35.550 34.625 34.403 35.050 34.368 34.170 34.175 34.180 34.643 34.197 35.455 35.270 35.335 40.263 41.850 36.917 35.893 37.778 35.857 34.622 34.195 33.785 33.803 33.853 38.275 40.790 42.105 41.193 39.215 33.890 33.963 34.923 34.622 33.630 33.625 33.645 33.645 33.603 33.643 33.573 33.995 34.770 36.255 36.320 35.115
36.662 34.650 34.720 34.735 34.610 35.005 37.052 35.490 34.145 34.097 34.092 34.160 34.188 34.090 34.068 34.160 34.463 34.430 34.320 34.357 38.827 41.100 41.045 39.450 34.300 34.835 35.440 35.130 34.458 36.405 36.482 35.985 34.853 34.182 34.140 34.103 39.052 39.460 36.005 40.243 40.147 35.628 40.490 43.342 41.472 40.927 36.265 33.802 33.862 34.208 39.998 41.772 42.708 40.470 37.213 33.783 33.690 33.653 33.618 33.603 33.605 33.632 33.643 33.620 33.552 33.680 34.075 35.455 36.397 36.030 35.745
37.507 34.980 34.770 34.467 34.380 34.845 36.177 34.263 34.127 34.100 34.118 34.280 34.125 34.068 34.085 34.170 34.493 34.340 34.240 35.528 40.325 41.640 40.700 37.143 34.230 34.287 34.350 34.265 34.675 34.997 35.920 36.393 36.140 34.460 34.128 34.120 36.783 37.283 35.170 35.330 34.910 34.177 39.115 42.085 42.033 43.427 38.607 34.350 34.653 38.592 40.677 41.975 41.193 39.497 34.620 33.717 33.685 33.592 33.610 33.625 33.603 33.605 33.615 34.257 35.763 34.642 33.485 37.943 39.765 39.110 36.622
37.760 36.257 34.430 34.373 34.363 35.768 35.310 34.195 34.092 34.110 34.165 34.188 34.108 34.097 34.138 34.232 34.222 34.170 34.208 38.772 41.118 41.580 39.507 34.357 34.230 34.275 34.365 34.113 34.115 34.085 34.053 34.305 34.638 34.205 34.158 34.130 34.260 36.042 34.730 34.257 34.158 34.917 34.465 35.688 36.942 37.603 36.702 34.217 35.682 39.908 41.390 41.923 40.513 37.270 34.215 34.097 33.607 33.580 33.575 33.555 33.545 33.562 33.600 33.790 36.213 35.790 34.235 39.695 40.995 40.560 39.632
37.355 37.682 34.790 34.360 35.105 36.417 34.963 34.430 34.105 34.145 34.170 34.125 34.088 34.162 34.182 34.340 34.290 34.195 36.765 40.217 41.638 40.905 37.472 34.787 34.305 34.237 34.158 34.090 34.092 34.033 34.037 34.110 34.220 34.448 34.985 34.778 35.300 37.075 34.338 33.955 33.930 33.963 33.942 33.905 33.905 33.912 33.985 33.840 38.515 40.605 42.238 41.300 39.772 35.303 34.728 34.010 33.600 33.612 33.600 33.528 33.520 33.573 33.667 33.900 35.177 34.255 37.528 40.615 41.650 40.660 38.815
37.222 37.835 36.787 34.493 36.213 35.760 35.650 34.270 34.138 34.140 34.145 34.118 34.113 34.143 34.162 34.467 34.302 34.472 38.728 40.993 41.465 40.013 37.022 35.205 34.415 34.695 34.088 34.237 34.068 34.290 34.005 34.215 34.395 34.365 34.900 35.925 38.472 41.518 39.310 36.030 34.197 33.890 33.935 33.923 35.228 34.655 33.903 34.522 39.833 41.245 41.842 40.595 38.855 34.778 33.982 33.722 33.622 33.590 33.610 33.603 33.577 33.585 33.658 33.632 33.750 34.463 39.665 41.225 41.537 39.927 36.252
