data/tq1080_DSM_2m.asc
ncols        500
nrows        500
xllcorner    510000
yllcorner    180000
cellsize     2
NODATA_value  -9999
[rows 224 to 255 of 500, columns 284 to 354 of 500]
38.927 39.805 40.055 39.355 38.653 37.965 34.042 33.465 36.640 36.485 35.213 34.075 33.942 33.280 32.612 32.895 32.903 31.858 31.655 33.338 32.682 33.327 33.882 34.338 33.680 31.605 31.653 32.158 31.550 31.555 31.718 31.448 31.483 33.037 31.490 31.505 32.230 31.690 31.410 31.618 32.002 31.517 33.065 32.580 31.555 32.778 36.213 38.225 39.472 40.362 39.720 38.498 37.213 34.945 32.743 32.325 31.507 31.528 31.890 31.718 31.465 31.373 31.355 31.380 31.395 31.425 31.417 31.452 31.500 31.682 31.682
38.325 38.785 39.993 39.688 39.252 37.750 32.818 35.570 38.502 38.388 38.215 37.165 35.750 34.335 31.790 31.615 32.112 31.605 31.905 34.118 31.717 31.690 32.612 32.103 32.312 31.615 31.670 31.655 31.585 31.570 32.180 31.472 31.480 32.640 31.505 31.517 31.805 31.763 31.407 31.397 32.318 34.360 34.430 34.235 33.217 32.410 37.550 38.872 40.022 40.110 38.725 37.737 34.135 31.625 31.542 32.060 32.220 31.882 31.483 31.398 31.347 31.292 31.340 31.522 32.200 31.718 31.495 31.493 31.497 32.007 32.448
35.685 36.815 37.805 38.295 38.507 35.820 31.780 37.610 39.115 39.885 39.590 38.923 38.335 37.440 31.923 34.103 32.897 31.535 33.185 33.443 32.213 31.587 31.670 31.692 32.045 31.640 31.785 31.600 31.640 32.015 32.167 31.455 31.552 32.110 31.505 31.495 31.905 32.072 31.423 31.397 31.435 33.932 34.875 36.930 37.003 33.970 33.628 37.987 39.050 38.463 36.088 33.548 32.050 31.538 31.525 31.757 31.528 31.427 31.362 31.270 31.273 31.303 31.343 31.837 31.965 31.688 31.528 31.480 31.465 31.673 33.408
31.825 32.080 34.005 35.188 36.920 33.430 33.903 37.958 38.757 39.603 40.068 39.772 38.482 35.165 32.428 37.222 38.015 37.085 36.412 35.740 35.058 31.963 31.608 33.410 32.167 31.747 32.062 31.622 31.773 32.640 32.202 31.485 31.515 31.780 31.475 31.472 31.618 32.685 31.490 31.440 31.483 35.515 37.665 38.605 38.315 35.660 31.737 35.220 36.915 36.263 32.318 31.567 31.548 31.533 31.467 31.385 31.360 31.327 31.330 31.317 31.305 31.310 31.407 31.478 31.835 31.558 32.263 31.507 31.443 32.528 37.188
31.890 31.958 31.807 31.735 31.710 31.693 32.905 33.893 37.327 38.073 39.050 38.787 37.967 32.290 34.520 38.272 39.385 39.040 38.643 38.020 37.315 32.905 33.420 34.885 34.655 33.412 31.870 31.650 32.315 33.335 31.680 31.478 31.535 31.510 31.452 31.497 31.470 32.838 31.875 32.228 36.688 38.155 39.638 39.940 39.255 37.592 33.868 32.057 33.073 31.468 31.407 32.035 33.252 32.493 31.410 31.320 31.282 31.270 31.462 31.542 31.355 31.448 31.727 32.142 31.972 31.685 32.320 31.892 35.035 32.785 34.640
32.033 32.068 31.868 31.690 31.665 31.657 31.792 32.000 33.225 32.812 36.595 35.160 36.490 31.895 35.685 38.693 39.627 39.993 39.798 38.747 37.145 31.920 35.785 37.458 36.265 33.850 31.590 33.037 32.495 33.053 33.083 31.493 31.528 31.600 31.500 31.487 31.455 31.455 32.045 34.740 38.088 39.278 40.230 40.202 38.778 37.735 34.298 31.562 31.500 31.455 31.888 32.560 32.448 35.147 33.057 31.302 31.337 32.088 33.700 32.177 31.448 31.522 31.673 32.013 32.362 32.855 34.603 37.502 37.993 34.500 31.878
31.737 32.028 31.737 31.653 31.622 31.632 31.830 32.305 32.092 32.845 31.670 32.085 32.138 32.048 37.085 37.720 38.180 39.645 39.083 38.182 33.695 33.507 37.987 39.002 38.827 38.080 37.330 36.257 35.230 32.493 31.878 31.745 31.585 31.682 32.675 34.365 35.555 31.830 31.780 32.182 37.057 38.660 39.167 38.552 37.155 34.188 31.423 31.520 31.420 31.528 33.180 33.395 33.607 33.610 31.343 31.288 31.302 32.980 35.408 32.610 31.778 31.630 31.440 31.535 33.235 36.355 38.390 38.748 39.048 36.850 32.737
31.565 32.298 32.243 31.562 31.575 31.585 31.590 31.608 32.042 32.245 31.733 32.708 32.147 31.673 32.240 34.472 34.615 37.263 37.702 37.507 32.513 34.485 38.610 39.932 40.333 39.772 38.850 37.675 32.357 31.802 31.485 36.515 36.893 37.785 38.132 38.370 37.935 33.642 32.482 33.500 32.382 37.670 37.735 36.103 32.470 31.450 31.440 31.560 31.438 31.375 31.673 33.213 36.770 33.110 31.288 31.292 31.355 32.693 32.750 32.073 31.608 31.725 31.392 33.790 37.042 38.262 39.377 40.120 39.335 38.448 37.410
31.455 31.503 31.485 31.472 31.458 31.462 31.507 31.535 31.638 32.022 31.775 33.823 31.753 31.600 31.550 31.583 31.898 32.597 32.715 34.182 31.757 35.350 38.298 38.885 40.385 39.990 38.685 36.083 33.820 33.345 32.410 36.735 38.720 39.450 40.068 39.650 38.310 35.995 32.993 33.635 32.750 33.912 32.850 31.597 31.480 31.585 31.673 31.597 31.310 31.257 31.240 33.170 32.972 31.970 31.290 31.380 31.535 31.675 32.763 32.570 31.695 32.010 33.658 32.420 36.415 38.717 39.603 39.220 38.125 37.263 34.732
32.467 31.472 31.468 31.472 31.427 31.407 31.427 31.405 31.788 32.360 31.765 31.640 31.497 31.840 31.730 31.730 31.710 31.615 31.638 31.660 31.612 31.818 35.280 36.432 37.820 38.368 38.107 33.738 33.960 33.947 33.545 35.132 38.618 39.682 39.958 39.272 38.522 36.395 33.785 32.705 32.173 31.442 31.490 31.468 31.460 31.552 31.330 32.145 31.912 31.233 31.235 31.250 31.245 31.358 31.408 31.557 32.255 31.795 31.708 33.362 35.115 36.423 37.662 35.028 33.478 37.493 38.502 37.702 36.213 33.048 32.562
32.440 31.542 31.475 31.460 31.423 31.380 31.392 31.392 31.405 31.825 31.472 31.420 31.477 32.255 31.740 31.800 31.860 32.410 31.730 31.602 31.660 31.628 31.630 32.275 34.092 34.115 36.583 34.160 34.025 33.998 33.315 35.518 38.092 38.215 38.433 37.618 36.847 34.775 33.000 31.583 31.400 31.445 31.500 31.515 31.455 31.323 31.225 31.212 31.230 31.222 31.542 31.263 31.362 31.413 31.583 31.925 31.690 31.715 33.050 35.840 37.798 38.717 39.485 36.287 33.452 34.495 36.480 35.138 34.028 32.795 31.335
31.800 31.628 31.610 31.535 31.505 31.435 31.427 31.410 31.385 31.365 31.347 31.363 31.470 33.552 33.030 32.905 31.390 33.077 31.760 31.495 31.663 31.618 31.620 31.667 31.622 31.577 31.665 32.173 31.673 32.522 32.590 33.230 34.952 34.555 34.285 32.873 31.960 31.800 32.083 32.065 31.417 31.417 31.560 31.420 31.323 31.237 31.233 31.290 31.250 33.077 34.857 31.500 31.410 31.425 31.615 32.062 32.143 33.533 35.705 38.158 40.068 40.420 39.958 38.823 34.677 31.955 33.618 32.640 32.927 35.080 32.075
31.790 31.585 31.608 31.702 31.747 31.790 31.535 31.507 31.420 31.375 31.498 31.780 31.337 31.320 32.805 33.095 32.167 32.268 31.375 31.395 31.493 31.503 32.458 31.618 31.600 31.528 31.800 31.530 31.525 31.525 31.505 31.485 31.455 31.423 31.480 31.487 31.530 32.307 31.860 32.010 31.495 31.335 31.308 31.252 31.175 31.225 31.225 31.210 31.278 32.233 32.750 31.440 31.443 31.410 31.747 32.373 32.682 34.627 37.755 38.995 40.003 40.353 39.585 38.535 34.710 31.205 31.495 31.743 31.475 33.930 34.240
31.573 31.597 31.557 32.158 31.983 31.835 31.608 31.693 31.577 31.467 31.917 33.792 33.118 31.700 33.055 32.838 31.235 31.290 31.288 31.295 32.132 32.158 32.760 31.952 31.537 32.178 31.700 31.475 31.532 31.493 31.487 31.542 31.555 31.548 31.493 31.570 31.465 31.853 31.420 31.465 31.308 31.237 31.183 31.193 31.600 31.198 31.202 31.260 31.298 31.590 31.438 31.452 31.448 31.438 31.792 31.818 32.077 33.882 36.280 38.243 39.007 38.275 36.105 32.353 31.505 31.740 32.005 33.232 32.283 31.255 34.520
31.870 32.103 31.592 31.990 31.825 31.560 31.577 31.550 31.610 31.510 31.622 31.815 32.263 31.635 32.335 31.562 31.308 31.295 31.315 31.292 31.378 31.915 35.083 34.812 33.112 31.497 31.417 31.403 31.610 31.757 31.475 31.493 31.490 31.557 31.427 31.530 31.442 31.365 31.278 31.265 31.205 31.150 31.180 32.752 33.603 31.250 31.433 31.358 31.620 32.520 31.663 31.432 31.470 31.600 32.842 33.083 32.868 33.885 34.167 36.865 36.627 34.908 32.397 31.722 31.250 32.432 33.932 33.482 33.360 31.770 31.753
31.555 37.247 36.423 35.715 33.697 35.128 33.377 31.618 31.585 31.608 31.655 32.010 31.735 31.920 31.710 31.495 31.362 31.337 31.292 31.263 31.240 31.283 31.798 31.552 32.403 31.693 31.260 31.300 31.345 31.425 31.395 31.380 31.327 31.360 31.333 31.320 31.288 31.263 31.233 31.157 31.175 31.188 31.205 34.990 32.895 35.677 33.790 33.750 31.658 33.467 32.373 31.413 31.610 31.677 33.530 34.772 34.690 33.750 33.870 33.885 32.240 31.355 31.305 31.562 31.228 31.222 32.963 33.908 33.165 31.648 31.075
33.745 37.970 38.550 38.222 37.743 37.130 36.908 35.897 34.205 31.557 31.558 31.597 31.520 31.605 31.997 32.260 31.458 31.438 31.397 31.365 31.298 31.278 31.260 31.245 31.233 31.243 31.222 31.205 31.205 31.155 31.288 31.233 31.243 31.247 31.235 31.247 31.208 31.233 31.222 31.193 31.230 31.188 31.235 34.205 32.705 34.713 35.202 33.667 31.538 31.943 33.015 32.075 32.515 34.818 35.522 36.375 37.253 34.425 33.768 32.007 31.267 31.318 31.330 31.493 31.970 31.155 31.965 34.053 34.557 32.790 33.112
33.862 38.463 39.580 39.512 39.270 38.575 37.978 36.118 32.682 33.888 32.572 31.545 31.525 31.603 31.562 31.472 31.487 31.530 31.455 31.427 31.397 31.370 35.625 33.467 31.265 31.205 31.220 31.205 31.217 31.205 31.210 31.210 31.227 31.220 31.255 31.255 31.230 31.222 31.208 31.825 31.833 31.305 31.580 33.987 35.185 34.853 35.748 33.520 31.535 31.312 32.298 33.440 37.600 37.800 36.947 37.833 38.272 37.068 34.182 32.993 31.623 31.370 31.315 31.260 31.725 31.580 33.005 35.125 37.397 36.050 32.252
36.920 37.963 38.498 39.365 39.345 39.562 39.255 34.583 34.412 37.905 37.550 37.143 34.267 32.632 31.510 31.495 31.517 32.088 31.770 31.840 31.490 31.575 31.757 32.158 31.368 31.300 31.233 31.205 31.212 32.575 31.507 31.190 31.205 31.220 31.255 31.257 31.225 31.247 31.370 31.700 31.455 31.570 31.445 33.487 31.655 31.915 33.330 32.415 31.458 31.878 31.952 33.257 36.188 38.805 38.688 39.120 38.808 38.060 35.075 33.967 32.390 31.628 31.325 31.240 31.185 33.375 33.925 32.910 32.347 33.155 36.358
33.693 35.237 36.688 37.447 37.930 38.380 37.868 33.472 35.943 38.715 39.147 39.210 38.092 36.998 34.877 32.725 31.470 32.180 31.515 32.392 31.470 31.490 31.515 31.545 31.530 31.413 31.390 31.365 31.355 32.963 32.217 31.295 31.285 31.270 31.315 31.263 31.360 31.385 31.370 31.847 31.455 31.675 32.130 32.903 31.892 31.282 31.273 32.295 33.597 33.528 33.750 33.115 32.595 37.490 38.790 38.365 37.295 36.155 34.205 35.007 36.627 32.820 31.220 31.243 31.225 31.452 34.235 32.752 32.100 34.463 35.225
33.158 32.880 33.728 35.610 36.670 37.005 36.880 32.335 37.403 39.088 39.825 39.978 39.640 38.697 38.018 37.007 32.938 36.317 34.685 35.245 33.838 31.950 31.500 31.505 31.458 31.432 31.555 31.822 33.658 33.720 33.675 32.298 31.710 31.415 31.597 31.382 31.688 31.385 31.307 31.500 31.405 31.493 31.532 32.428 33.175 32.702 35.300 37.270 37.862 36.217 33.915 33.847 32.800 33.847 37.412 36.905 34.950 35.210 33.895 32.392 34.518 33.127 31.167 31.290 31.243 31.275 33.528 32.725 31.065 31.028 31.180
31.432 31.510 32.263 33.862 33.265 33.528 33.932 32.545 35.167 37.920 38.565 40.028 39.320 38.225 38.033 36.702 33.380 37.765 37.875 37.985 37.510 36.745 34.755 32.717 31.685 31.407 31.585 31.417 32.067 32.300 32.820 32.030 31.378 31.410 31.583 31.407 31.347 31.298 31.288 31.425 31.612 31.630 31.855 34.228 34.713 33.995 35.847 38.390 38.917 37.515 35.345 34.980 34.787 32.667 35.097 34.945 35.660 33.075 32.185 33.522 33.910 32.885 31.335 31.280 31.253 31.245 31.267 31.655 32.645 31.923 31.390
31.403 31.600 32.362 32.445 31.755 31.852 31.590 31.880 31.513 31.670 34.365 36.760 37.903 37.595 35.097 34.887 34.590 37.533 38.248 39.310 39.228 38.930 38.012 37.423 34.167 31.395 31.405 31.400 31.365 31.705 32.005 31.528 31.372 31.385 31.462 31.597 31.333 31.307 31.600 32.285 34.248 35.917 37.315 37.728 35.732 32.270 33.365 37.632 39.073 38.268 36.810 35.025 34.963 34.210 32.870 34.213 33.388 32.458 32.897 32.048 33.458 31.513 32.643 31.228 31.292 31.255 31.188 31.612 33.562 32.232 31.763
31.380 31.480 32.055 31.705 32.763 32.865 32.110 31.923 31.445 31.875 32.445 31.632 32.915 31.750 31.495 32.400 32.250 35.410 38.423 39.335 40.150 39.775 39.065 37.705 34.638 32.805 31.510 31.443 31.397 32.208 32.548 32.403 31.497 31.395 31.427 31.432 31.375 34.460 36.323 37.427 38.255 38.403 38.927 38.845 36.890 33.122 31.288 36.730 38.542 38.000 36.987 34.945 34.643 34.022 32.432 37.340 34.630 33.480 31.780 32.268 33.230 32.122 31.295 31.753 31.263 31.257 31.038 31.052 32.763 33.035 33.095
31.368 31.417 31.403 31.780 33.800 33.820 32.070 31.823 31.363 31.965 32.838 31.533 31.585 31.573 33.333 33.490 32.158 35.180 35.978 37.825 39.010 38.855 38.643 36.757 33.895 32.225 32.562 32.653 32.365 34.770 35.950 36.305 34.170 32.170 31.757 32.243 33.853 34.923 38.037 38.920 39.590 39.838 39.795 39.195 37.865 33.595 31.500 34.125 36.018 34.720 31.802 31.205 32.123 31.638 31.377 33.600 36.005 31.463 31.792 32.360 31.660 31.188 31.210 31.415 33.570 33.660 32.118 31.778 33.560 33.513 33.132
31.373 31.900 31.320 32.330 33.720 33.778 34.110 32.028 31.323 34.430 35.885 31.487 31.350 31.540 32.880 33.000 31.378 31.500 31.647 31.695 35.965 37.350 37.698 34.840 33.132 33.265 34.588 35.235 35.862 35.232 37.138 38.620 36.705 34.700 34.493 34.630 34.225 33.470 37.820 39.280 39.420 38.855 38.362 37.783 37.357 34.470 32.635 33.965 32.943 31.343 31.333 31.048 31.038 31.042 31.122 32.440 33.278 33.417 31.295 31.225 31.235 31.220 31.200 31.318 32.215 34.090 32.835 31.057 31.743 33.785 35.913
31.445 32.030 31.330 32.425 33.365 33.798 33.932 31.565 31.962 35.627 33.680 31.285 31.323 31.438 32.247 31.555 31.395 31.400 32.478 33.580 33.112 33.905 34.193 32.045 31.700 33.820 34.298 36.560 37.493 37.100 37.577 38.605 36.435 32.952 34.305 34.333 34.077 33.708 36.420 38.160 37.685 36.720 36.165 34.967 34.143 34.307 33.715 33.720 33.342 31.498 31.035 31.020 31.045 31.045 31.005 31.488 33.170 33.465 31.290 31.190 31.222 31.233 31.177 31.228 31.427 31.460 31.430 31.250 34.173 38.403 41.838
31.705 31.708 31.310 32.440 32.658 33.940 32.850 31.270 32.853 36.333 32.698 31.283 31.385 31.455 32.200 31.375 31.362 31.345 32.530 32.680 31.347 31.573 31.838 31.372 32.003 33.572 34.308 37.130 38.030 38.077 38.075 38.635 36.580 32.830 34.280 34.300 34.042 33.673 35.188 35.873 34.830 34.503 31.925 31.562 32.965 32.595 33.645 34.197 33.565 32.875 32.772 31.987 31.003 31.015 31.185 31.077 32.217 33.007 33.100 32.833 31.200 31.200 31.198 31.257 31.593 32.360 35.100 33.665 37.393 41.310 41.533
32.110 31.267 31.263 31.305 31.853 31.648 31.493 31.200 31.923 33.965 31.425 31.255 31.708 31.670 31.805 31.312 31.298 31.280 31.458 31.677 31.267 31.260 31.298 31.372 32.408 33.205 34.322 37.010 37.643 37.143 37.605 38.558 35.787 32.923 34.278 34.262 34.235 33.612 33.878 34.028 34.265 33.950 32.115 31.663 31.655 31.542 31.685 33.460 33.840 33.222 32.490 31.495 31.528 33.673 31.487 30.955 31.055 31.815 34.200 35.220 31.745 31.150 31.138 31.345 31.570 32.755 33.985 33.260 36.412 35.972 37.072
33.135 31.362 31.227 31.853 32.562 33.173 31.798 31.290 34.435 32.928 31.193 31.222 31.283 32.765 31.917 31.275 31.283 31.250 31.427 31.520 31.202 31.212 31.253 31.528 32.440 32.748 34.325 36.993 37.590 37.097 37.555 38.557 36.205 32.062 32.888 33.620 33.560 33.673 32.725 32.525 31.320 31.408 31.657 31.580 31.565 31.333 31.045 31.925 34.665 33.150 30.895 33.018 33.467 30.945 31.550 32.640 30.950 34.463 33.438 34.445 31.775 31.147 31.120 32.035 33.682 35.802 35.003 33.920 33.822 32.612 31.378
32.615 31.340 31.225 31.635 32.280 32.485 31.202 33.155 36.080 31.878 31.170 31.225 31.442 32.705 31.240 31.247 31.243 31.715 31.692 31.233 31.157 31.170 31.195 31.233 31.905 33.412 34.622 37.260 37.330 37.065 37.588 38.507 35.450 31.243 31.587 31.300 32.005 32.698 31.587 31.125 31.005 31.003 31.702 31.720 31.432 31.065 30.997 31.135 33.237 35.005 33.588 31.562 34.533 31.290 31.935 32.185 31.387 34.125 31.738 33.847 31.875 31.225 32.325 34.225 32.803 33.088 32.702 31.950 31.740 30.913 30.860
32.987 32.083 31.562 32.228 31.290 31.350 31.690 32.118 33.372 31.245 31.157 31.225 31.907 32.498 31.233 31.200 31.865 33.802 32.248 31.810 31.153 31.140 31.177 31.188 31.337 32.120 32.747 33.127 32.783 33.305 33.535 34.298 32.360 31.388 32.005 31.315 31.698 32.090 32.792 31.452 30.965 30.938 31.323 31.745 31.090 30.995 30.993 31.085 33.312 34.660 32.870 32.680 32.963 33.965 34.178 35.115 32.993 32.553 33.225 32.057 32.555 31.755 35.232 36.603 35.395 35.890 32.938 31.625 30.942 30.878 30.812
